85218
93836
91958
25931
99558
8438
57718
19458
15539
2545
33881
95452
62643
7386
27766
84993
31932
635
78977
66611
91222
98189
67517
88677
49915
46721
11765
60129
54291
78848
36637
46361
7688
46543
87584
20404
22132
67439
64032
16917
32677
42263
65411
73590
26239
56484
33827
67568
59966
68184
45940
26060
85397
69789
70573
45984
88691
54962
58630
62259
29987
58231
14541
33524
1404
85692
42280
73958
32711
43636
35687
94529
22884
71317
36164
3226
48332
9264
23567
25533
65414
16914
43245
4775
24094
58599
98157
86433
65489
61415
89297
555
52455
98911
12442
50114
55994
24173
40531
71902
79363
11790
1111
2234
14042
75731
47713
29639
37994
32867
92998
70868
43574
5731
88762
41222
61691
71759
93239
4978
87975
82850
86599
92502
58943
2335
2198
7537
16686
74804
25113
99637
10582
26610
37834
925
87675
9611
68109
59517
37715
98368
25729
55312
75582
62899
57418
87938
42785
9262
49601
1102
36110
61171
57691
982
67407
18521
98185
48794
74248
61810
43437
83981
64969
27960
31453
85408
38298
65833
1364
37102
99305
34717
68819
9443
93882
30438
91647
35608
13380
80909
68518
96123
46557
74767
35980
98953
99306
52875
88479
35438
76074
72892
17072
228
63826
62102
79264
78180
68233
15596
74509
77654
26251
14842
3122
97283
65081
14176
12671
26873
71711
24298
39216
62082
24798
92329
13608
91910
15326
2647
62580
73704
72196
69686
47405
91674
50446
4888
61144
85906
94849
74696
33912
81181
20361
15155
69976
81485
54820
6304
35707
62550
19224
19625
48782
76976
40422
38347
58615
38270
33187
34451
52221
93463
27936
40484
6062
87817
60747
39561
47920
92290
13283
4017
93527
57802
19067
3382
35742
59473
11568
77448
33446
35906
69251
40428
44359
74669
10242
66071
95154
51614
10890
26121
90360
59443
13817
67472
87222
25532
53562
72289
77741
49477
99446
93449
79027
41474
75962
49880
64145
24002
96549
18469
62877
9034
71032
8963
44516
72409
56135
63905
35285
31482
4437
51505
71001
7124
73545
78427
27359
59673
52922
89006
56158
86232
60114
32153
4463
32255
17310
96648
96719
21999
88557
61189
622
32122
40997
46036
77597
98444
93692
57905
4598
78921
38261
74619
51142
22060
63612
24794
52409
74963
50458
28011
63335
32701
82603
27862
58347
82186
24943
40518
87267
36173
1233
40432
79895
15195
97921
36625
82027
90625
15475
62886
87495
9001
57924
54172
34201
62612
52071
11459
84223
45254
65848
13313
76694
2918
46682
33806
34424
6432
17918
64847
44738
9028
74116
31099
78424
82649
62991
33055
81495
23868
14083
68972
64585
66406
6055
17392
4313
80443
18520
92759
30314
51661
88749
26430
89183
76826
32274
75142
16158
96640
40640
2666
6096
88043
19683
55926
66946
78358
59809
39980
48388
35452
96825
97401
49268
9435
17270
87146
23802
53855
56347
74954
86458
90342
9741
69286
29555
41397
41964
31885
33288
18257
64534
67596
93814
42078
58547
7321
10508
1975
18616
54160
83541
13899
48854
40987
14521
75302
56680
58613
35882
28256
25678
10668
96086
25708
59777
25501
11402
35320
10524
14475
12264
33043
42342
37633
18604
26568
12213
7536
76603
96966
79486
74995
69892
97348
12365
76979
98438
49025
95973
50675
28000
44584
42326
13946
72872
30188
48982
25812
18378
4562
26851
14496
53833
32219
39742
99381
33827
60702
89832
70759
83784
6483
85751
16113
91683
67576
57433
18722
61575
96327
36947
12676
7665
4826
96982
39178
49523
44217
68072
27944
16863
90073
56140
23768
96614
5613
22927
69295
26012
6564
88060
1535
47143
93142
72926
77783
76933
9588
56786
22200
53682
11329
37692
30194
47335
29194
34539
37372
83758
33798
12205
21941
42444
20027
45390
62278
73384
16432
90611
58838
90756
23666
25579
1949
73246
83546
37539
69657
96041
56415
26474
33320
14837
94971
81877
35116
59384
65664
8034
30627
55549
80501
51671
61825
35000
84068
32343
70720
21294
28565
86982
83798
32907
52120
16108
35182
50557
31092
85632
63275
72006
40181
94720
52960
42625
15470
46997
14495
40830
60817
6895
28191
62939
24417
2675
966
11702
23399
59627
41504
18719
25278
63262
46592
54070
9128
6620
99490
5050
24186
79134
19168
61958
46392
31001
7135
57970
7516
33469
58221
34001
64906
97179
9239
2996
14385
16646
38488
46288
17755
52223
85937
16772
82773
13464
36005
19799
14824
56904
29704
64518
8050
74605
40822
90762
30071
97368
81628
59453
8447
3688
44350
48571
87165
80696
37411
45521
10557
17155
6004
29709
37814
92428
99231
14354
81338
68992
87889
11865
9564
79934
89785
79466
88220
91711
20827
19169
17258
73426
91829
7561
56993
84255
35448
46107
16531
45678
70413
48268
28616
1756
49525
87926
81883
76604
99874
97490
99782
15914
56243
93028
71025
95768
39872
9014
21677
75395
84508
12167
53814
82744
94343
99715
52975
24629
58794
30658
15857
47060
36286
22354
70911
92213
10235
52831
35601
34078
8152
63848
64243
50079
69463
70245
99015
22775
97323
56358
59483
77331
7739
76324
5791
22445
90055
36116
42901
18790
54550
49405
28068
10032
19437
35428
73661
82008
19939
94860
12428
5079
44940
43416
36858
71999
80396
43462
22779
68825
32364
71917
1376
50021
95236
89530
75617
94335
27915
28853
2260
4567
19478
37433
52122
90443
18067
13135
62612
31892
34682
19709
8072
64468
95429
42649
67203
63920
53853
89060
67232
72915
73169
85559
30045
86277
30272
80942
81451
64254
70987
59909
23900
32121
79789
22748
31408
16356
64979
23882
48597
98972
43430
78400
59824
66661
92327
87764
51585
47996
85032
98041
20402
76780
10691
66801
76033
42284
52852
97282
635
23901
48737
41057
82899
7059
24527
52380
95252
4274
40575
94907
35430
6910
94581
78971
58444
14765
53713
28695
87717
49007
42068
79693
19701
87717
69154
75152
51398
36481
12813
54815
53655
8700
13159
92664
63082
13509
43251
38015
89441
87702
68238
76271
58053
55701
52327
84864
69768
83422
76143
41180
91435
12152
87340
29204
76949
51938
45096
49374
58676
18276
94536
96051
21265
31435
78687
92382
95146
36809
52411
46265
12565
5121
16383
125
6198
40717
42188
82550
40308
91883
54272
65771
70673
2263
87054
32841
32444
56476
22111
63258
31409
25756
12079
63795
69037
81233
2755
78127
20886
13819
65524
15559
12276
24950
16975
54024
19856
99700
64591
78803
19259
44221
12049
17401
30558
85421
35497
25210
99578
88295
49173
45846
45788
49430
77285
88998
51308
3266
99393
60615
1487
81341
80728
81042
90120
37969
73030
6307
10769
95370
35832
3343
27696
59021
19401
94265
40185
46931
96776
93220
96702
64830
94759
10904
4269
31428
57940
43678
94810
2492
91927
39923
17835
35965
20667
38439
64836
89963
66533
10576
82114
28989
43612
3462
68582
20188
8982
65652
48332
4026
9199
48678
37940
43078
80294
51065
88736
12592
13389
83297
47508
71509
93875
99179
82705
22315
42657
82219
85049
1539
44073
14820
91307
14358
7776
82638
9394
88072
58284
64973
15514
63880
72789
53586
67875
88313
24062
7977
73525
20389
53835
46834
51883
50279
60158
47928
25754
24862
19889
20720
27665
41423
76675
58158
4779
81835
16130
31104
73470
25614
61506
20326
43885
76661
60513
8028
13388
31687
18370
97310
3575
39094
32020
44198
53909
69812
90510
4295
89371
56251
23746
2020
21095
14812
19984
51198
32812
83122
74113
5453
12856
88414
18333
28525
46042
48980
96287
95276
70700
19390
89077
93010
99080
16572
32143
75219
54478
37978
72225
60923
55204
56387
63572
45066
36759
86911
79085
61319
74255
29957
34291
77291
30207
28102
51655
90376
44638
63344
6566
71917
76026
8816
77928
55744
65920
31542
25717
20920
40034
27393
30395
54390
68666
23347
35137
83935
81293
30255
45946
20036
65705
21493
41160
62819
6606
67195
53840
50974
62380
27641
5411
33396
19225
54214
78653
14376
40526
61486
47037
8781
91575
11928
4464
19911
31960
83342
33984
30216
92190
84559
36410
61818
76409
67144
58520
22139
9442
18673
86697
37088
9088
9000
57489
51705
84915
49988
6838
97991
1044
68209
6641
27687
3054
15218
18053
58738
16408
71254
52817
77505
13978
36189
10761
13026
57648
92442
79906
21433
49530
42846
11645
244
66413
11379
90279
4422
44357
65656
61629
38679
99871
19617
92187
57047
63502
99668
33657
5185
79489
46218
24804
66170
92043
7056
62156
54546
84803
28227
15110
66621
45600
98845
22013
4098
58584
34989
57807
70494
62460
11093
65295
51399
72529
89626
87848
65011
66775
8509
11223
97735
78272
89901
18950
1740
94951
37244
95573
79433
18826
90656
30951
13824
92758
36027
72731
56697
93836
34435
9981
51839
90534
43430
42873
88734
11832
24821
47305
90660
75758
5161
16709
29272
13833
46866
1612
76798
86266
22674
84500
23821
61617
67270
13835
25111
50814
35784
85700
48307
46972
8716
56126
8898
20789
64084
3184
51084
31196
18509
77987
13460
28000
20968
57178
67316
74267
48978
95181
72557
41794
46902
15977
25278
90870
43506
63932
7020
78210
57241
83183
31513
30000
86909
93468
49774
71668
59137
55280
86590
65542
86435
73225
90289
6536
14629
21184
35202
99635
20197
93640
28970
45761
47561
10039
36491
17362
60980
72511
87550
17296
52776
54433
13901
87462
9322
97026
42740
39316
92331
20297
32156
86058
1073
28492
26855
21039
27796
93307
38192
6003
23680
99949
25554
63065
7145
42001
73463
61443
42459
99060
33823
70769
43019
59905
40101
86814
84001
80785
73891
50466
96774
27181
44427
29798
94606
8493
97571
19842
96259
64885
45101
89916
58325
16067
47232
63835
10357
83436
60350
3203
7205
62948
43330
86702
34731
51236
51868
13632
66894
34165
89353
13450
37165
66335
68819
71413
68371
51655
37445
30553
67858
75781
33010
29886
44020
13656
11870
54674
9332
16508
39601
33986
62085
82630
47802
38820
2808
75677
66670
87110
39846
403
78442
39478
38613
38109
82001
4345
57511
10597
56764
34042
46207
62491
35921
30460
34880
81598
20500
27019
76792
35740
58058
69666
87124
63477
40814
13862
64118
29859
536
82893
39242
98544
83166
21177
8739
9513
62816
56166
58722
8773
12631
19961
36456
60347
72083
99260
31244
34860
3158
86499
2078
29722
25129
69274
78446
83326
74788
46046
43729
53329
80392
5657
46402
89266
1287
79978
88359
58299
5331
26325
64409
48892
69348
37535
63596
28543
97409
25502
93016
60766
7721
89630
39525
34086
40361
9884
27787
56384
73128
38299
40958
80124
16082
98596
22685
29459
31344
88749
79201
52502
66805
3616
61651
61199
27931
4878
88030
1235
62159
80778
2349
7180
15849
92503
63846
40554
68043
35503
47234
26783
81834
9148
7613
78373
64197
95993
18965
39885
56483
60496
65185
69086
83955
37932
54231
40626
80598
6022
83449
47978
82229
72792
34989
90389
17982
31235
79750
97010
64754
8533
34442
68364
23876
92892
93768
52977
48949
64676
10406
37473
47687
79703
8382
71980
29827
89590
88528
93078
7017
52771
82273
93520
46651
84636
13551
46599
22401
61080
84938
87552
83507
5642
10467
99194
33932
28075
77294
16204
87326
26884
42493
52597
50333
73406
86353
46136
28116
98060
27619
94426
55555
86671
16315
81280
47031
22346
81200
57795
71208
98633
42280
20571
41103
42208
90655
58431
80847
25013
90486
20292
13787
55285
20307
6951
92625
41460
95835
21528
86761
82759
97316
67232
30334
916
83277
59863
77753
67356
59541
94136
84583
6880
10050
18076
81129
44965
19691
83238
39154
16893
69935
60675
43343
90394
5806
77663
50149
16053
35916
28250
76785
14469
19178
98312
90280
3068
41949
29992
11381
40049
50564
38896
95653
56829
42855
22519
77044
84539
85553
46160
46031
95771
37381
47999
99642
47001
89500
70915
97105
23012
35405
47124
69200
45455
2335
58479
62413
63401
47227
60890
46545
737
49748
9221
71509
80629
2699
67265
21237
32515
12639
60031
98041
1561
1398
8139
62669
1472
75420
5994
41511
47176
15431
17348
97201
77579
95663
58826
89565
35838
24626
99901
27701
67247
37000
10296
89741
43119
57894
9633
82346
53429
26398
45785
91925
3313
31073
3573
20032
24848
26193
96441
40732
69194
22851
52183
97936
46343
57744
18936
50760
21686
7295
11249
58263
42685
67580
65621
88708
78939
10438
4071
94433
3929
83302
62348
80502
93135
77504
13232
57484
78129
36650
67122
47331
15704
83523
99897
6485
79820
46220
30176
92617
28950
77857
86040
18380
94269
20203
91640
75354
46032
68342
3291
19657
13743
58688
81629
70699
32325
1594
17110
39767
59917
40591
54622
15678
22114
55311
90989
50752
4625
12727
28227
7205
22238
15879
72395
81657
71237
48966
56178
99224
97834
82004
21824
31581
98243
99910
17075
50075
46836
91821
269
17963
36128
332
90998
15728
59279
73899
62157
57885
59256
96890
2332
54240
19583
19822
69088
69359
62484
44167
79012
97075
63579
78803
83766
68727
28615
9118
73477
51546
21111
83020
14539
84256
4146
83594
58237
95889
48245
6438
69944
59078
71939
16765
49736
8898
92097
74468
99357
45825
50435
67004
92155
40485
87289
31828
79356
75788
53910
61736
5187
67567
75750
19499
2496
66806
53972
46456
13360
10838
82214
5945
92879
23018
56559
28968
30163
15931
80939
74209
50368
46752
40380
52269
50009
2860
66501
50071
69484
8272
14367
45960
56601
83742
98265
64564
78987
7171
91841
59328
44356
3091
1770
2967
46409
16774
49038
4530
24354
91147
2980
71931
39308
63934
34334
35432
6871
92780
20614
37315
54587
8790
14587
81450
6003
44993
96045
34067
62807
68831
57109
50509
41468
82286
31445
7704
57884
83837
88924
41819
16491
51331
8342
52703
75546
97198
36282
69972
45632
92085
9965
10561
5618
17273
88892
17273
72065
79151
74795
41095
32823
223
47010
23265
556
79613
3354
14001
90874
35283
92206
48966
51157
65459
40381
16905
12970
23845
85675
38621
5085
74419
41813
761
23206
67659
40799
68632
87938
82442
55472
73269
80209
15627
17590
56288
54500
7764
73887
99753
16865
70549
25971
13943
88531
23167
50934
76199
17554
53287
24611
28847
68711
62143
6846
64594
28398
58080
90989
42238
28270
6904
63436
69274
67056
914
91669
64747
93502
37848
24146
54251
28900
63062
86669
72640
72585
2738
83095
8970
95850
49308
19318
15008
6844
1958
1080
70574
64081
37131
92400
34375
10068
31101
14636
92486
71249
30966
635
41185
69934
35426
12409
82700
24522
23657
18624
29932
12721
79589
22359
67648
29935
68193
29872
85367
12552
62163
10077
14979
65084
46584
6455
55170
31084
35317
41074
75968
97902
57196
99534
59823
32309
24219
31965
5555
39426
42254
16694
69481
44860
46779
50240
25680
66462
89281
43784
37186
18190
83390
30011
17573
36157
27107
50123
22366
16110
37699
62783
63486
8549
89504
78756
70967
98319
82332
36343
25565
1168
37042
27425
33502
81907
10638
56330
23757
89889
50053
6450
23771
71009
72686
64250
21532
12811
32832
13755
70848
87977
98212
77499
46686
65561
51313
5222
72823
22637
78270
82506
93856
12000
79251
52714
36807
98362
27790
16504
20165
72579
64939
6689
13621
41684
57312
55714
46390
11995
99156
96448
57214
6362
70990
84118
75124
61230
80735
51073
31440
69167
77514
81841
45824
17910
29777
24195
71833
66543
67068
47926
89018
33854
11725
93290
84917
65501
29031
77408
48075
68532
76806
52588
94074
91225
91291
58134
77824
92384
98423
69764
84796
13132
21627
89538
23961
8044
53487
72941
98795
73354
63507
72582
15749
52024
44545
307
83599
54137
39603
62024
36488
89173
93496
151
67207
99660
41759
31758
74944
38643
61649
83948
49095
5541
42661
59528
7532
68745
3054
64611
95401
69108
48392
35920
28627
29280
83991
90448
77684
50036
9675
14558
86156
31983
52205
23387
75448
57455
89186
60355
17639
61330
81424
49458
99140
27643
37385
18888
58787
56559
21469
58743
77759
74875
85937
64334
68613
52936
66321
20336
80011
83930
1196
30227
6992
79495
30535
66034
5422
3039
92603
65953
44311
96767
91423
37542
97807
67296
50714
40795
16580
16179
22794
53866
63695
7293
36324
12474
72036
44293
72881
64797
53702
33578
17240
68814
98639
84667
17944
19915
9078
73637
30953
78831
59589
86926
39447
69159
22837
68351
57355
73521
12027
40057
83613
99104
81582
42437
21267
82845
41468
91099
5117
38461
2783
71285
36789
44373
36434
41448
19641
77774
6826
60179
84339
95816
74286
9871
12437
3123
90462
88239
93166
1071
30803
80720
49114
18882
93665
79417
65084
14798
5427
85301
86542
38496
25728
9192
28490
82022
5445
68696
81084
80028
17029
36742
10759
89433
12614
90225
64433
14587
61353
53645
27904
486
87743
4222
88341
11107
70996
15006
3971
79275
63109
24498
66783
83056
72988
92438
24489
52478
53330
83162
84535
48212
2248
74034
9543
56327
79076
52273
74670
95885
13867
58751
42897
23525
1071
46694
44130
3060
63169
49667
10703
60978
29843
12135
28874
13946
57411
78023
8556
66704
25842
571
65624
39929
99036
10679
79305
53055
80671
71433
2968
73436
38402
85258
61069
56073
66821
1784
51695
11532
12740
97667
47384
33241
10944
10203
94880
35416
88520
85520
13381
36049
1105
76033
44956
35972
15035
46139
26426
29054
72327
37584
99117
90836
86141
66496
95127
62621
25830
11207
73034
56125
78115
19492
76616
51587
47703
37553
70973
16815
67034
20452
39032
78200
49699
68676
14416
33273
61454
3352
21101
46462
33933
17561
47167
26250
23614
43045
36278
55415
81079
94648
57013
87479
71809
19213
94024
5284
67200
39837
52420
36186
24549
50368
11095
48218
41617
53080
649
80681
16893
7293
42900
17338
94783
38851
83662
75083
49998
49037
43677
7238
94201
34267
87672
96248
37978
25415
82769
21708
44804
51756
52209
28196
33014
3363
9964
88973
19232
47715
32628
7827
62295
60095
53110
62692
21037
89094
99697
62005
8176
33998
85474
52586
18371
65679
7079
45203
57950
93521
62183
33971
82101
34001
98965
28800
80892
96686
1639
40379
39006
70659
59624
95323
75478
24397
68087
89458
42352
87573
99980
75160
9965
99038
48259
73578
47196
81414
59274
28632
60839
13208
10296
41150
8036
16938
46368
5144
25339
76561
28778
92121
68438
12863
92415
53098
25910
65308
680
98727
83867
35835
97952
50503
15927
67698
6456
56073
29521
33322
65476
41547
75217
36640
67788
64126
46706
32054
34700
48569
50868
20302
84096
38069
52148
64612
60490
42419
68160
79144
21778
7662
97782
34836
66253
58749
7015
88829
67818
48146
27085
41649
46148
90344
78991
9
17207
15235
42481
91194
83797
31897
78660
95390
5980
48995
95853
8223
22994
52952
34990
64154
88676
48924
14866
86644
86878
30718
63684
77309
80703
5234
46567
97440
25038
49508
90977
53973
19564
45519
34817
56860
88395
77784
93838
75729
23611
95506
87354
87457
1311
19662
43727
178
22078
32220
35028
22263
25063
69311
42399
34510
51844
4274
64270
3697
77096
94419
78543
32643
31517
78735
6874
84014
67813
3762
24613
21349
56388
85868
7702
69087
11671
6692
12297
3342
46822
42746
24863
11317
61002
87472
3655
35308
26884
68280
77216
80709
33246
91154
25387
24232
2502
59475
46092
60762
49852
10875
67521
30149
48499
64641
31641
76834
34908
81001
92755
81876
81374
64706
85213
60981
28647
56893
37489
52492
58271
23951
79376
83851
91146
61750
40831
79260
91975
58021
68597
91009
87306
64330
49952
73098
909
71615
68792
45567
69798
91366
78367
18913
99999
22015
6016
22978
46358
59208
84476
76794
60082
9931
79752
74557
97909
50703
94753
60570
28871
41598
76085
96449
28991
84008
22588
34737
44539
16735
48828
21086
31862
19842
33503
93414
24238
72649
1007
91916
14360
81676
96284
28376
41250
64008
11569
56550
58579
58480
47131
1864
50885
10597
59430
18194
70478
87036
72695
75249
6438
33945
24310
60527
78696
85964
23200
57194
93865
79468
56817
12866
21699
90342
29065
73044
57582
12644
58355
10079
80458
91725
21521
44792
53700
47906
25060
26814
26463
13425
86345
63670
99706
82914
5367
89105
91868
33553
47682
10689
95979
12005
39232
89127
11558
57503
41004
58556
38088
41135
63540
35065
32874
27260
77547
75497
58722
19527
16489
25530
40782
83367
94419
81601
31347
87936
68685
78326
71727
53137
42768
91138
46781
20934
6748
25606
76533
47478
59195
98101
81102
78693
41697
20554
61174
47025
67661
27088
6969
6860
32097
83734
6443
99333
2822
13882
4579
37034
23781
49469
79594
52197
50410
11914
92757
37780
95607
74956
96259
83487
67762
67085
44506
59757
85274
9757
30802
14025
37167
51004
20425
18967
1413
91096
77199
73134
64170
34344
89651
80168
13378
57448
62053
4237
74847
64621
70763
52484
2996
43520
68864
33555
13768
11726
89639
2051
18936
55808
60003
22549
18230
76599
49311
70597
84589
63575
68036
92478
52237
44009
74811
90586
3398
22367
25814
91305
36927
75480
93359
69038
88664
42665
5809
2761
12251
30424
93645
2128
48625
60379
33199
18946
5279
13832
41964
20889
41437
582
82060
88166
37241
82437
92463
14407
40811
47397
32953
26913
62338
98012
98270
61205
33373
2516
80869
83143
79888
34993
7414
10899
39346
63149
16312
42474
21864
2639
97336
28543
68185
3472
61939
44107
71480
2551
31349
62201
34046
1323
69548
31031
75702
22450
79732
45115
25635
51871
29734
58300
46939
91876
6565
36808
13361
61191
20720
89238
47837
14196
41377
75083
7998
15174
48909
98543
50571
58446
89849
90152
10845
74432
3763
51891
62368
72198
5030
59667
25583
99326
51002
61132
43963
35648
31304
40020
53294
69899
67114
35275
85447
35282
8624
26789
4738
88949
17650
58015
75184
42519
42444
894
25439
25324
71168
32470
86291
33285
80744
21562
97181
59217
78908
57210
74891
16817
68332
24425
32284
88735
73555
71354
95115
8346
92063
72611
30792
1237
23763
51628
77220
84044
9040
10789
98649
53690
56433
4306
88632
29684
28430
60032
66020
54998
77534
28493
87739
78478
1026
60926
9476
6308
65423
30313
1505
16380
1108
55206
63080
94521
60785
67626
64862
48812
53567
62467
76749
58449
79248
84762
53928
62555
58944
32610
58167
69856
32410
8289
44689
50486
50789
10187
49098
88446
17853
37894
28698
28257
11954
87047
43129
43137
83449
62669
75952
87355
31685
77257
73938
53011
96135
71377
21937
12922
32125
33698
84823
22157
61010
70483
12066
19028
40496
15456
94879
8602
52025
95118
7115
27448
73638
7829
20440
71945
64008
88811
88334
7778
72119
80497
74383
13159
55109
55410
44885
74030
89727
70388
99372
42235
74377
69713
35782
80871
89477
15857
22601
55578
13406
44598
74249
16380
54372
98978
2407
12684
90362
10613
44937
7850
52762
31232
64768
21914
59442
79076
70554
86304
53121
74142
33304
7713
73147
79740
21578
30368
42053
84654
87627
24842
29147
40166
68781
50344
71944
15172
79079
34442
3134
1169
6926
2318
53837
1556
1311
1208
48683
1417
47861
29265
90770
51391
95067
91651
84279
39273
9211
58284
11016
50512
49722
58096
72158
72894
54036
53345
42870
32483
42049
33979
66571
16809
73173
93075
3706
39986
77631
62143
81242
67409
81691
97291
51685
43404
92744
34759
75742
3310
98209
29588
86791
87255
58694
28094
46643
52132
409
61548
8798
52596
1183
64585
65628
99930
88796
53827
87645
63622
14657
82407
62932
5505
41152
48954
98799
13070
41682
13221
51914
81953
82870
57037
15061
46466
21298
76231
62524
31747
33644
648
99367
10835
92432
11944
23628
27968
75622
11860
45810
26277
56003
52930
87680
71448
3996
80231
39698
89927
61348
46464
85906
22263
90454
76262
99774
38851
40303
57038
12551
66334
20969
71238
23102
80132
14355
97067
70172
29009
26174
13157
11939
33462
90813
73230
78192
54225
9489
64019
6038
4638
36551
35453
11827
65584
13540
26977
44294
16368
22359
50470
76672
91057
98737
81465
861
49614
89117
14869
22757
69692
78909
29854
99663
19160
30251
65338
48915
32604
91927
87254
61124
9407
44635
3543
74251
52804
26972
6071
55041
91203
89195
38701
90857
23915
10854
9781
52858
17255
83688
72362
27607
53684
89412
14297
80708
26907
27246
65493
92330
55590
68020
53162
4656
17667
70859
85883
44464
43979
79506
13017
74457
76287
31897
48349
90428
19246
76893
25727
48476
85021
82099
95588
70593
62582
72504
85538
95001
40135
54666
13642
66040
11620
6871
25112
63269
5513
63365
79825
39257
42751
10710
27867
45347
87214
27415
55633
5874
50521
85986
25048
71060
53657
34393
4381
31677
28574
35347
52180
61241
2874
94483
39812
11125
68868
22962
58157
44498
54840
54639
7100
9945
59576
8429
44009
73479
95237
76930
69523
7724
78435
75840
29591
50827
1985
29336
14733
44958
31840
29705
76099
48286
89319
28433
32796
59183
58695
56677
13801
67133
63259
74680
89402
47644
61946
79215
68526
37338
44634
48183
67184
39715
223
68380
5683
4916
6045
73595
53077
68380
11854
54684
86214
6659
23182
62485
27434
72531
56705
14090
5324
22179
77995
97840
96511
61079
26798
92793
59963
74700
47235
1236
52063
9900
77527
25558
31950
55028
61781
37973
65752
53071
39781
19737
58353
36808
33018
4580
94131
63956
55861
55369
13133
88042
74790
4803
46113
31650
54083
92786
70076
10583
4880
13793
4313
94921
86439
92899
97617
66266
98558
78553
69743
58424
80421
64359
99299
36811
1427
44437
4969
96236
28426
4785
18467
39753
60712
23625
98617
46868
4191
58819
36932
59840
99783
3287
37833
46598
23604
8772
99329
15407
36654
31735
8613
9755
92210
57211
45740
62413
42539
1850
17401
22142
36074
7571
54865
51847
5598
78139
86037
54358
42093
54908
93291
99608
55509
37531
74916
73722
60505
24172
44139
95182
8192
53020
71265
22129
58709
74386
69797
35198
78705
6785
58468
26215
13395
42670
73543
99906
46902
1206
57717
68297
7331
14726
10174
34185
13587
97696
24007
5888
17638
22551
62031
35728
29741
86342
17385
49083
85404
56033
17981
53233
34859
10641
15323
26982
77278
41333
89024
97085
23982
57727
3674
40873
89046
73858
67532
47365
50955
58860
36861
23093
78437
76836
32379
26497
83524
74858
54910
53879
30633
17110
16343
29293
96893
96736
46662
71309
44137
4954
80074
27244
66701
16972
32366
52178
52043
53627
88043
36837
38411
35989
66817
66079
97981
83534
1750
90329
38356
60202
88885
29557
70838
64141
86666
21767
26148
36805
8880
42651
38054
99957
408
87661
64937
17468
34949
49321
20128
2566
28922
23764
19233
64011
46009
54077
18800
18446
9699
23647
287
12362
73380
29331
70623
80173
6217
4163
83291
49381
80614
53025
53122
70944
77161
48475
55898
26876
24012
30290
35186
88480
23711
45197
26078
73054
57236
11790
65687
75575
28466
86788
50022
1605
12150
64735
42270
68616
66461
5554
52480
3978
67207
31958
60209
54502
96415
60402
10203
57456
25966
19459
54564
88058
14981
66683
582
50091
57375
79255
31512
7081
83321
49338
78638
88707
68134
426
67165
30229
20506
68267
57613
86181
79419
50257
5029
93486
81622
57599
32536
70500
63995
6212
73937
99443
27956
44408
91508
66327
89999
14458
61587
80457
83409
26397
90956
52610
30518
70154
78868
89170
74174
18650
457
84546
7435
44390
79740
99936
49350
32329
91201
24275
20698
83844
84116
55337
13088
7874
18568
25558
81889
98811
75036
70270
7176
62731
19754
91196
95040
92504
4213
82215
11426
26188
43184
10691
25950
14390
34770
58952
62623
50655
54842
20053
66384
97661
20066
11095
23877
94740
58102
326
24249
46700
52845
36399
83435
41067
22750
55676
5563
80893
80544
85940
10810
12991
91235
12658
67468
90710
66018
82906
3481
57771
95826
75939
10305
85091
27018
72259
96661
92404
32964
89785
52965
74276
51314
65572
85765
33118
94432
7378
13648
67831
68057
18227
67252
36031
88350
9619
52899
2800
2706
64345
12051
74728
57343
46191
1796
79645
25548
9107
47800
38964
9110
52565
972
72182
38012
19228
81142
7443
73514
66957
80560
43852
47131
71400
68113
7515
35304
99370
17719
33397
85214
32816
78106
57683
34072
93862
7221
98831
4224
54944
72254
65149
166
70043
53286
65543
6059
5592
83000
12853
65403
87142
62635
26821
94816
26166
9053
79699
41721
52366
36323
45742
37047
26931
60989
42623
39763
4578
79208
44800
11444
31666
1292
16562
5529
64333
56934
62716
56722
29456
15151
20887
86956
35419
60352
82051
28069
16932
49547
64916
39952
44647
63668
47942
65124
30118
2157
56471
96702
32334
19343
24690
17505
67711
19048
76036
23658
17210
31038
82954
73778
52327
72963
49019
52465
39003
9230
32924
820
38666
59647
19871
30550
82064
50753
29123
22612
32614
60541
96547
49952
21035
67436
16594
52206
129
75683
21036
43320
97800
58603
2921
58779
62178
30680
74903
25214
93826
25188
37389
98340
88907
45878
77065
69555
34453
24205
38826
86524
93503
39218
21520
90316
87051
34465
13332
60313
1600
93367
90027
81516
62526
42600
72442
78030
19586
24433
57499
68860
61046
4770
21879
34004
41361
21345
95205
95549
7626
75098
39914
54504
37859
93693
10829
57919
12530
16725
18810
31368
78762
73997
44071
17611
13382
51560
66989
5013
80159
37128
84937
13380
31976
62789
60521
67788
19863
73462
91883
29673
58887
33132
71374
56484
15706
40727
71320
14380
31431
75904
81466
63290
79475
39614
93763
75056
98109
64290
51411
19824
22319
33844
75686
92200
29829
18345
9122
34122
40326
45769
66539
55469
71784
11298
60122
11232
98322
5299
62598
97289
22550
66006
73168
60339
76032
73209
72905
76243
60610
51217
29202
36859
41347
80485
15655
7877
34822
85682
67110
13573
53048
20280
2498
58062
33799
73380
61099
61933
10924
77307
74299
39510
16049
87918
61373
67439
47248
98878
62762
11319
69796
64120
70092
21126
80935
66866
60961
23910
49354
7790
56508
92394
20017
20640
85769
51361
39414
61536
19138
73127
25403
31218
47687
90694
93530
85823
2653
42329
1214
96719
66595
5537
12302
58231
6201
1463
35617
9549
63838
6844
5152
88777
27731
8676
18528
94848
80315
11785
36283
99384
1328
48826
45945
76654
99639
71963
6011
55699
37328
69547
32781
54718
19798
28667
21801
44903
49098
53656
58007
17127
36054
42021
48411
42241
34201
75064
40820
94827
86677
75222
34994
4287
34491
26072
81804
40096
43685
18204
84580
86762
61460
46588
53031
78702
24329
12730
33160
29285
46403
95924
76882
46131
19302
20034
72198
37546
31079
25029
1320
83897
20159
9690
12746
91608
5865
27658
99820
44786
61705
14874
26894
50417
93085
93238
72959
53462
97797
37470
15307
60481
73926
9356
38030
74839
10140
47182
56182
58464
14144
24273
82700
98804
69714
4713
57261
27013
48501
91616
50491
31875
60463
93809
39390
35292
484
24511
43250
98579
54457
92735
16996
81912
44555
80813
92448
37880
36052
26262
49551
96844
91376
30494
95022
31139
7079
45961
67514
79645
7029
62081
27624
65056
95255
12109
18948
61075
98903
63069
61877
12684
3080
93310
32177
72404
26381
27144
98100
33455
19007
93109
36088
69109
59108
66792
6053
46593
79894
26601
11531
77349
58609
69928
96610
44630
40428
46011
63187
35905
59867
85569
23756
7300
58925
27631
3086
81969
57035
55402
5299
94196
37992
22233
56333
91921
37743
48193
87986
55765
23506
21563
45072
29293
7963
28632
94220
40704
41057
90960
74923
31769
90061
61151
74106
70889
48725
83981
33632
97296
40361
99780
63931
28257
86812
39230
76290
42644
63221
15505
77852
95919
16989
75169
11183
39702
67281
51601
30786
25782
78731
64724
6797
24414
78490
69897
61093
28730
17192
82604
93574
72185
47922
68384
56287
29437
9261
71819
56068
24744
14492
82723
45979
89645
48882
6969
41205
95939
75492
23511
7950
87249
78252
10378
39429
21524
10316
89116
57539
23553
3186
32118
76843
42162
22989
25998
66402
19512
72523
96228
5684
88796
60624
31179
97519
45405
96911
89968
57417
9708
44193
87177
34723
74914
3567
68169
52577
45800
69115
9802
94903
26824
29254
55134
16952
13691
28139
96623
52633
77880
35603
18557
96826
78416
57379
303
30190
20463
56504
74932
21476
72464
55290
85189
26415
32308
13538
29410
98092
80590
62119
21854
76856
84665
70798
58981
16771
91236
48075
91922
53926
17958
656
12983
38197
15810
61306
23708
54074
10870
1579
58932
88970
76752
3481
49982
38346
75580
2681
54863
36194
69769
73141
57344
3652
66411
98100
11084
85305
77688
79111
97662
71949
60181
14854
19030
61244
70669
66858
28798
70497
53956
62730
78751
52698
13078
97330
77299
26477
96138
30480
68924
13589
7998
9589
38617
957
71743
15148
7670
47172
23901
42447
99545
51327
67014
81859
59368
31090
11265
61538
32470
30431
88714
79742
58523
48085
42654
40376
45910
56402
8485
50603
51071
40264
84255
66948
77640
48057
39268
89200
22360
60299
6416
8440
40758
27694
40829
15909
5356
99562
52617
31163
96482
75708
76833
43710
64745
46685
13553
9759
89765
57952
72423
52191
8715
55457
91469
1924
18567
95395
76414
53759
39782
6769
66371
37120
17657
75919
7932
80439
5311
84536
52325
56164
16162
86601
60529
21886
29034
55983
39962
26380
75391
89670
57768
40690
74442
14381
94140
51475
27299
98486
81198
40210
83229
57496
4004
14654
74457
35111
58079
92327
45712
35350
38751
19387
24291
35473
58579
43492
38424
66033
63308
35012
16028
96369
61447
77356
54163
63721
77999
78806
31918
57927
2158
16615
26122
92273
79417
51801
22221
60758
47998
42922
31884
51886
53135
52006
73420
38502
99937
85818
89278
50801
41335
39159
86002
15189
11701
48277
66164
40632
34176
69416
89911
52022
15294
87779
38398
33382
99871
8700
28344
19986
92532
10362
25191
88821
36362
7966
48752
56944
63015
13057
40556
41628
36960
96283
26703
59735
16251
26205
80556
54898
33498
67931
16782
837
79300
54916
92164
57159
83570
97744
71763
83549
68787
9897
95993
67945
79987
72954
9586
53756
30104
6225
12897
72540
58517
67897
74242
90450
35526
23037
91243
69818
7939
18764
95843
90538
82103
8781
93923
50703
2550
55283
95111
24139
55647
73204
76254
24877
68992
7061
99877
79576
91524
43252
69206
14811
76583
84870
52701
13870
64859
35131
16723
95727
66466
75206
18555
63985
91550
3379
90844
88393
60906
99515
21982
71135
32743
17662
95616
26064
7274
78314
48176
22198
91755
74028
95407
88470
77029
90288
18265
50191
79911
93436
53474
27645
55661
43423
58795
21815
24328
16998
45670
72495
49046
66401
9097
26080
69103
67691
3339
6039
48340
21003
37496
92234
43577
50184
59802
66133
19548
89670
32283
62579
55883
78994
97939
9634
86428
67406
83834
75306
78402
68521
84740
80316
22146
91613
16219
16602
99393
91157
24803
29107
54994
64843
59388
89520
2846
66037
76655
12469
16245
90982
42353
10207
71412
29912
49125
86512
51820
24430
41057
31516
4124
25431
39672
93313
6149
37956
65509
59863
18702
94482
92772
5495
19322
87597
94730
88441
16976
86613
16913
70800
99446
30059
10399
7191
82724
38600
25258
50848
8712
29175
93797
88146
2678
4219
71970
60249
89587
98626
29738
16336
9216
39567
49258
93053
12334
41587
95969
60795
13429
24154
56564
1042
59574
57474
22465
35862
63382
73379
47120
30264
60431
15784
43374
36198
14692
54399
28773
10272
84255
92192
95976
12847
17136
62538
88899
17839
14060
3198
89739
95856
1770
26555
88650
96221
94852
9464
88358
77953
41111
59047
301
82083
38135
72897
31142
73939
77291
5859
98538
21918
86982
48220
83663
43123
42123
37423
41908
66826
83461
99681
83015
9266
35176
28344
19863
81705
31937
72845
54669
54815
6664
714
89539
42344
66716
80100
65622
89364
47851
38924
11173
69630
37215
83265
48574
93750
67198
22370
99383
56820
36105
60010
23562
63833
71203
7745
37245
92955
48191
19078
84856
74672
22300
39534
31269
19028
7561
41354
38554
41472
69445
7641
13075
91538
7304
81232
87808
50316
97221
17578
37672
37562
87072
89749
85499
35168
12935
82402
63682
43770
23032
87828
57719
92937
82217
11125
98823
74869
37824
12969
82764
97341
41351
68912
22136
17457
32927
59747
72748
12386
25398
55508
29048
95946
60695
49402
10185
14725
8584
26149
4705
77154
64796
35812
59712
70742
19160
27085
94775
39966
64360
54311
45833
63512
26947
6137
96543
48684
39415
41526
97013
40544
29340
51197
26752
31504
19768
91119
70650
65009
33701
69612
54613
60875
26536
36059
70426
82148
84409
41719
60619
18575
48922
68480
20652
72291
43095
92710
35264
59419
39081
75206
26802
23290
86675
18287
93642
67138
6592
39449
30953
44819
17408
92806
96856
55323
60468
26963
4817
61254
43012
89695
20725
19716
5500
70692
25354
47858
7056
2536
92613
36417
94141
97666
57744
38387
39836
62561
81660
6397
32705
82271
17742
53877
25162
13365
11460
61931
70980
31188
90454
26169
2447
49845
66762
93614
92000
50272
16815
85065
27316
92534
74584
7103
19983
70580
68705
41809
41913
65727
26233
10133
10005
51434
64119
6849
44194
90223
15231
52156
5776
3300
44955
25263
31525
61104
99934
39224
72565
82853
24689
28897
76655
33229
74497
91095
92544
17860
18878
94744
66195
57094
53400
89523
89758
87294
41511
49540
59417
12938
41388
58086
66200
36897
8745
18729
91765
71200
20384
77047
42013
14793
98351
74366
13747
79008
14192
11704
54138
39339
59504
90927
95740
89578
75162
35764
45318
71362
35949
18913
1449
43820
53959
77294
59590
65527
9257
48295
58498
96276
23055
68917
18377
56784
34169
29536
898
19505
37765
69071
3442
79778
61689
67101
17201
99559
75241
80005
36252
30889
79123
22088
27181
96346
5625
39012
57712
57514
57751
25645
99774
95886
97937
28375
74516
46849
30246
87012
97487
440
34569
38864
22861
46228
4962
38196
66680
91048
6392
28834
87713
59492
49754
7288
61290
46
80066
58014
65097
66075
74731
65252
98263
129
18273
69405
4770
41630
21765
40346
36618
83228
77807
88937
473
18322
25307
82380
53978
37520
46943
3829
63617
5035
44612
70452
61442
15626
71518
79098
65627
19357
51579
12412
35250
68068
73679
80035
96614
56246
70784
41113
83083
1541
48831
51179
23381
1057
89272
88995
91782
88375
82981
52283
42363
61958
30765
10405
84172
49278
27657
58566
51178
85196
10013
52611
91359
26800
90913
81394
47223
14716
68334
92878
31109
34961
20239
78984
19326
27401
14525
99956
6180
76732
16433
10088
54189
94702
66135
58014
24519
37537
79588
43465
80602
20717
55797
12656
81649
43615
7346
4309
13313
43643
63249
54346
42172
50539
79894
34508
9518
92321
95947
58451
79733
4533
12501
11501
43833
89624
38933
20857
15399
11421
79789
70235
75787
77149
49383
10342
76011
37351
60124
85858
82069
4928
22251
98580
31077
97976
83286
84367
81614
40136
94728
43495
86858
38833
58309
42275
46374
69934
73368
80430
19289
50314
38383
10630
69252
61538
95064
18122
73969
27460
35901
52008
38849
22686
8489
1831
31057
86364
6635
29459
33080
93139
9482
31325
29721
45444
90305
78456
83394
12962
99310
4187
32741
82449
83584
11349
14237
76585
67792
81219
48105
55654
44342
54351
5666
61086
15302
95092
55672
29176
64082
70286
24304
94239
17086
81363
16761
24216
46178
73004
79897
62146
69032
7720
45876
81373
57959
88780
50606
77210
99870
91355
57902
89128
11569
20622
80350
3087
96751
14153
20634
78127
9785
51620
71782
55672
59085
98590
73622
22873
64458
59023
85372
75592
77695
3318
3442
65553
78369
31205
62671
65948
5828
25901
44809
82678
1253
37390
11985
21315
66199
33835
33033
98994
48380
16682
36966
34039
8656
59387
66268
87294
83216
84887
48689
68228
12527
42982
74254
79331
63555
66905
98514
80676
56020
17916
94463
44590
93774
98730
6843
49985
73863
36238
65853
82458
69402
29729
79270
37929
22243
74233
7073
44813
29762
91460
88729
84972
10946
12918
31179
53130
2953
52420
88125
63015
49745
9995
74860
45612
62177
53554
36613
82844
78121
16333
82019
9244
46359
18434
30174
71341
60078
24026
96944
1080
95380
14044
75884
10869
33692
64397
66389
27312
44101
67255
33077
83866
88181
39414
83810
70777
49128
68717
4647
54910
25975
5764
65630
66846
48328
76512
72482
39793
59824
73358
98430
31045
24994
62879
3667
40514
74556
66449
17963
56233
15080
44527
40339
75585
39092
91503
78342
25219
36074
69479
42829
19639
73680
72094
54355
23028
16017
77622
43535
37831
37773
97865
53743
42610
24212
98426
48918
16134
98811
98806
86693
43011
17373
49866
40192
36640
10754
89916
70807
9935
73160
55220
32319
40545
81155
65123
45168
11612
66871
5649
56004
87956
27212
30993
30379
94480
65905
40224
72998
324
19872
16573
93967
11497
83561
35377
66512
82673
56399
81971
71
18469
84931
46910
32876
60099
70072
53161
39387
44342
34626
38334
79529
8912
32862
18596
98343
65756
97367
74974
56319
31872
88152
56425
96153
28174
5631
52613
85684
13435
24518
72540
72494
83864
29413
39622
64183
75261
37498
39875
99180
95080
77456
51465
11498
43426
10913
92739
50091
94967
69708
68711
27310
31137
6011
21043
63127
86545
55908
9462
18149
7641
73342
75467
36347
95673
62151
2332
62975
38997
27250
39333
92634
34213
24507
53374
17914
18069
36241
72946
90501
48515
89883
37640
72299
29017
67111
41976
8454
73031
78282
3702
84389
86108
89065
7535
50767
58349
73218
92880
3736
57074
11966
87770
24027
69909
67020
65541
93303
5780
39021
38953
1349
98543
24829
1080
90368
79217
98014
32260
55626
23186
63878
51791
57147
10091
19671
23770
79320
91270
17047
77853
86002
88084
88753
75714
94129
13140
74739
6789
48718
10685
98856
37547
25707
71628
88525
57841
86023
14525
38930
41535
72401
11271
65088
59257
17987
55987
18529
79290
57961
24017
90400
68685
70103
28908
45195
42004
81336
3248
1768
74949
94177
15331
40055
37660
88493
87500
1410
89996
43648
66922
91692
76296
10559
85151
96101
94615
65826
18248
86879
63576
56168
7731
29625
30707
40315
66669
52376
25283
29032
33938
57025
54832
30216
83996
79402
2580
99786
12595
5213
48217
48697
94856
12053
45491
96487
68014
30475
56168
76454
73765
36197
73894
44428
55748
57408
56951
45734
89451
56482
70677
40100
56095
77244
34664
82912
12681
98312
47564
22740
5395
89768
82573
80555
20394
24236
12368
32516
76637
34867
23016
36796
43714
94540
10768
14840
26184
62339
36348
62173
13908
30191
59682
47538
39438
27121
69328
86187
11440
72103
75946
551
88128
55336
8444
4964
94661
77711
62500
2845
52789
19516
90391
77590
74422
26394
37621
78191
77290
84680
78491
27061
91980
31254
22836
60500
44936
35909
73058
61605
83441
8603
26763
82144
876
99948
63442
14490
86330
97889
83970
21665
73991
9977
28087
43037
7312
35910
92394
80720
45860
85322
29120
53854
8120
56077
48237
51180
75162
58232
81467
49996
21488
28657
98403
93412
90927
10661
78420
26984
8441
91187
81287
95179
11508
25580
78407
23138
39785
22916
14709
73856
26350
99940
69752
13266
65950
28616
3396
88895
10995
1784
8198
24299
96469
15574
15506
9103
75117
390
93633
37125
32694
93154
7257
81932
18111
40704
87640
84355
44904
47366
18892
90212
84162
64622
77380
3424
64681
19231
11122
91002
84748
98468
62254
23665
25893
78719
47860
17292
41207
78339
24040
91973
69691
78148
70794
23596
63591
23317
55481
71808
95529
90061
48441
6421
78009
89024
36378
44591
35478
79357
97089
10117
64408
92502
75661
54500
87956
77231
55161
46493
98150
83232
70993
75481
92623
4687
5179
49102
88961
66869
51248
52733
20494
36456
66534
12116
10265
75994
42664
41964
73523
92844
77613
37385
52159
31603
11786
28785
30036
15731
15754
7578
11986
11037
74413
52600
257
21065
72111
19669
3518
99164
23971
87706
29918
13909
83139
25228
88312
41899
11039
82685
97820
30253
3085
71513
86938
80957
72578
74377
52229
30829
91955
29345
83568
47264
18300
28019
14734
90207
77887
7658
92714
41713
54766
79267
3043
40723
10789
62515
45936
69670
17173
85260
60128
58862
25937
7626
10486
81264
2945
60346
61337
62836
39505
54650
64575
9367
9861
8661
46829
50214
13195
33437
35792
58125
23106
82560
2245
30019
10330
39408
58687
53675
84830
24548
36738
26746
7559
11067
22379
54831
6245
37746
37134
21607
20270
62505
8219
4897
83257
15733
63657
39379
91471
33062
69218
87075
54543
96155
28415
6096
73911
50719
29162
94061
74494
79389
26172
25087
80159
11808
54005
51463
60083
5190
5842
56412
27294
25253
66732
38544
45138
3507
45816
6879
70096
61136
40115
42618
13328
76760
78782
7132
69566
71664
67112
79498
42969
56366
95612
46743
21609
19091
42023
86643
7232
90911
79732
19841
51435
80756
42901
38900
30812
10456
98985
14024
46295
34024
59757
47844
88929
18253
56478
31294
23413
63394
19258
93563
3700
65713
45930
60450
73074
82423
28466
15324
48550
87635
37778
23060
10702
73594
64344
46261
83601
34259
77521
97001
73618
14122
47832
83344
91848
45294
40192
40523
68062
17487
73784
43158
76730
10685
39011
72581
50778
80018
7066
45820
31256
4932
1533
44908
15452
49741
94754
44829
51670
52037
42447
13305
34546
89220
487
65270
73692
43491
70107
61507
91955
24835
96857
68521
3681
77930
87653
65415
13867
73652
86510
5479
3164
26539
85536
15360
42032
39361
26042
89522
79323
3902
56221
93845
48352
57468
2701
58408
89694
76159
72540
1952
60061
66994
69335
40783
52297
90082
46438
11070
27676
6328
39737
62660
1551
73801
28328
59077
24850
71172
4772
8532
91720
68749
74784
25101
37900
67824
23185
47610
381
635
88054
22019
79898
40650
5757
33211
86687
16658
29525
55296
75449
42979
13739
8860
50114
92576
74256
82243
79819
11647
67806
77022
42222
39561
8560
76987
3830
10874
85709
24215
61152
29354
10272
96753
87212
74802
70373
51778
4245
58303
76212
53536
78808
64489
24130
47001
15232
81473
55211
42288
54106
73569
53788
18464
57904
27434
61848
40468
95431
53424
1779
10136
6530
10515
87823
98925
98509
13109
18362
26538
37070
39435
13493
22101
5799
37011
66568
60358
41089
85804
50742
3476
14278
35240
26775
46179
67380
94023
85547
68021
88294
59299
18439
37035
90326
43741
52788
77542
95134
79205
77369
68029
7851
77572
2966
88379
84265
25675
67825
7976
13819
29731
21474
85074
79573
90255
93724
44073
18944
89288
33156
57849
51460
47713
32817
62707
32370
41000
90262
45913
75598
16335
96830
43876
37263
6780
79799
29643
45735
89660
12165
77918
46402
86717
52401
46015
27605
96882
16209
43622
29544
67305
53568
30390
58199
53870
3096
30386
2637
84602
41803
65191
41223
31731
3422
18162
76570
4118
93457
11778
32546
69737
24210
58267
99092
17123
40536
32131
50070
71599
67202
41681
98393
44628
38654
1504
16922
72500
62269
60564
66521
50878
94293
41931
60909
81521
29603
18508
97828
25659
72439
28147
34993
43939
99707
87210
11579
18967
34651
12247
72399
95301
6455
59147
54163
34473
62067
60287
56761
90535
22810
89686
11458
41396
29207
40720
60071
84241
74651
79086
46165
50010
62753
98286
9594
48408
49519
18859
57424
54874
34746
64294
55674
28091
19439
77202
73018
98518
44235
65262
65880
39221
70005
86980
29825
62562
91691
23826
74271
50298
46355
96900
27847
66236
50391
83316
50873
74511
65964
48999
87835
28512
75454
3851
62489
87950
54053
26295
93974
29539
78789
12173
27211
37397
8510
12454
75321
81239
70661
78420
77591
49381
1873
26442
22084
31899
98518
18265
7314
53804
2381
8780
22923
35108
69264
43488
53729
7574
34304
23509
61247
52164
41488
82572
85285
68076
12130
31707
98544
32352
73246
22575
41324
63934
16505
18724
95278
52318
62546
72307
75125
77657
49957
90837
85812
64045
39337
43290
57770
38797
69108
1809
7486
96606
58565
4385
89569
18120
50594
74711
46937
92541
1054
64985
32776
58493
77450
78452
20560
86631
10002
30994
43000
21022
79396
4839
10647
9205
30098
50568
48160
26340
95264
85500
97582
99789
78289
76814
34383
76682
14440
38334
70340
8941
9007
10679
72847
71980
78792
70912
87394
8262
69012
79653
21252
82215
8062
84223
10465
29826
16510
43687
32143
38077
92504
36261
53988
7545
92716
50947
71439
95768
85179
32677
98683
61617
49640
20089
43676
26080
50110
5901
69716
78975
31997
99207
42244
54396
1966
32471
13596
41793
48970
86407
80850
99038
6391
51223
71203
45548
20371
89012
43724
47142
18270
56822
6785
27443
32154
95719
30710
43631
66040
88562
6335
16363
72508
51189
42897
52743
3593
65036
33953
41620
81155
62328
72183
65649
88819
61001
68529
4355
59593
13339
54125
58703
12114
2441
19624
71592
16482
59686
30343
43459
41384
84565
81459
80174
85931
98203
16605
73291
62414
63865
22653
56468
88041
79430
16157
90193
88724
81499
23204
21333
35405
88195
28664
97534
53771
62878
28924
37114
21577
34829
69675
20518
75375
2823
26888
39102
81263
43741
50676
49158
82229
41622
36816
80772
60528
17930
4312
5263
84784
14079
9293
41411
76851
61337
69057
58279
88629
86955
51051
15622
4836
54549
40942
85602
45873
78944
25047
61814
1710
10436
81283
70823
23690
54564
32349
36529
56398
43686
34936
30696
68227
39651
16153
27792
94950
98427
66454
78336
46298
5383
18296
3022
6474
93121
44332
95840
52354
61459
73173
3537
74456
65017
34714
91028
99977
65379
59265
4185
84411
74956
18113
25002
90113
28765
61522
38472
91313
92630
56980
64047
70361
57630
47188
22789
5887
79903
11544
63206
98391
10919
85298
18571
17342
81556
98357
70401
21606
14132
57193
81482
8900
6132
57062
35388
86440
42676
20634
51045
3554
44739
37263
97477
2136
35427
15266
23960
60377
80546
18850
91566
899
30966
73237
76030
41129
3489
90836
28872
70420
8457
30297
64910
39679
55087
53835
57483
49432
39752
40251
40413
38797
42055
96581
21872
989
640
82489
55898
72838
60771
88123
34588
63581
388
70560
92662
46537
47957
46156
62178
54396
20745
91882
16975
35440
43431
93508
33973
62495
88888
20370
95513
96857
24084
43201
6884
82042
2332
41926
39872
32118
7181
42442
39457
87736
84211
58192
62810
80181
77458
12065
35989
37822
9130
31505
10328
53706
16434
65312
81932
32569
94961
21851
98320
77962
11370
64383
38208
56653
93498
95502
48665
59604
27131
17872
82742
1258
55691
52510
27821
77787
75135
95857
77962
40710
36367
5602
35603
90970
65418
49988
30857
27949
34589
47295
13144
80542
74983
43739
46021
58314
86911
79031
90040
58642
80489
15921
76041
65563
58401
8670
34251
11540
14138
89216
79016
97098
96013
20699
20319
74749
63247
8647
16970
71622
88435
77760
13154
5133
18312
28465
41496
5261
82830
48191
49162
29827
67244
1571
58590
34365
64027
67975
63691
75876
80280
31738
43670
77737
90245
3765
84081
17064
52811
88512
11760
79931
33812
15278
68034
57932
98797
71916
5011
93359
62998
23784
37731
5721
80668
39599
80993
60952
57123
26439
70552
70331
79095
53279
23932
58706
6266
39515
82892
29803
56648
70328
76066
1983
28133
13059
1618
57177
97878
29939
23566
26152
62419
85949
2167
65707
13375
29504
15746
82325
15142
45781
22167
50766
88020
1764
30020
58450
25317
56042
41920
25887
32361
45685
41174
2024
77101
65315
74876
85467
47437
33097
75990
13299
98464
64605
2414
92186
49497
34347
92028
63486
17714
43585
82198
99316
72268
76650
58715
54014
70812
44584
98313
27326
73356
32763
84071
57735
2710
50426
44103
33005
24057
38474
66716
53899
23240
99222
32968
26051
66062
48885
79065
27180
44563
52601
8733
7061
9287
20227
4092
19993
25275
1789
84756
83981
41222
40320
24320
64427
56093
82911
5338
34091
12780
61432
97718
66680
84045
20856
95967
88644
36966
25846
21175
8246
47760
20988
88888
16717
37789
93426
58520
91847
25614
8958
10893
44455
64306
77120
69167
38458
31443
56612
10083
38126
45336
42885
24736
6300
90796
12541
61012
85282
24004
28095
30319
37871
34548
7157
97191
47881
87598
67823
4580
83158
110
30340
187
16603
55146
86273
20725
84507
76816
65736
15438
98005
2123
1833
81645
69133
32409
67075
51571
79111
34061
65605
59182
92923
42314
42196
72523
36307
10857
15052
94522
86614
54420
2403
26184
20971
9365
17913
35247
94243
17974
25443
17938
98336
66432
20568
72880
82150
4184
15735
60610
23114
50520
92936
83856
38619
30729
56203
83983
63845
41034
32377
71691
19065
45757
2546
46333
45009
57353
73987
25501
50661
58288
43880
80580
9622
76677
71958
70385
65193
67560
86443
8150
88842
11793
62960
35032
26115
53374
87448
8413
91777
32834
90703
91
55182
99907
75009
62599
98413
9831
36589
38000
71407
34681
31450
14710
33981
1953
37545
62310
57672
17596
3996
87624
41189
18868
43219
72768
41810
26319
76905
51496
87813
44424
4923
74841
37892
50794
31062
43999
65264
1230
7925
7597
8862
54474
63458
8322
23901
72217
6984
95075
2204
34856
55026
46911
21238
37729
87376
40159
15898
5522
98127
32829
64190
15155
58371
35544
59896
60384
80698
19941
25898
67013
78282
99899
21914
58635
9315
30746
11427
37488
24475
4083
7530
38231
4843
5247
99836
43279
52327
65339
32449
96568
68979
68659
84934
93362
9060
47243
47569
51584
55485
76483
99955
5969
67886
57728
21133
22540
72209
14574
34729
19656
41756
27358
16866
37503
24595
4616
78346
89463
37972
73809
58313
94857
15259
54314
43920
72203
41374
26548
96315
1616
47207
11628
15053
58896
14468
34280
73154
65498
7663
96788
92351
94244
72796
66066
59949
38866
98838
98814
92527
68217
92982
19987
14524
51389
57173
94124
38194
39132
14851
28531
57402
3789
37225
52113
46800
69749
56349
7041
42047
99362
33879
59896
22040
62288
79450
70249
24725
12135
17848
1130
53776
7286
25109
90752
59391
22904
54288
21645
75355
63323
9978
61454
19333
81270
78958
96710
51625
96833
18352
85073
13973
52651
22594
61649
47975
16313
8325
82441
25609
97063
23238
2757
4443
41357
6378
75070
88191
93104
26922
93299
460
69702
40937
87611
41742
98011
92714
98749
65580
53327
54763
13610
15463
28374
20640
83712
69923
51428
27780
71144
53497
81702
45024
74316
8580
98293
65252
9376
89624
94809
28026
83745
29694
83936
70006
85028
88226
85093
9923
19577
18775
24483
26103
47125
10064
2082
69124
58029
56757
77929
35540
55759
75022
96371
59712
94570
33155
9538
12304
38419
179
58272
94724
50202
10730
58156
52003
16177
53893
24201
25462
27082
43243
73388
47364
47690
21783
35545
49705
11826
75046
14004
78331
25006
39647
21074
68834
34245
31675
82231
28445
82560
994
77563
42059
57912
50520
40268
40903
48780
5651
7017
81818
77301
69562
63246
82556
64755
78901
57584
30571
2935
86697
59809
43344
53971
82491
61699
54855
59802
67190
10870
88158
28934
69961
70950
22003
78256
10505
5811
226
70451
14880
81104
21785
66041
55425
66598
94004
31156
43180
58563
91070
12695
38654
38844
22345
39493
6745
63469
87357
66222
54043
40855
51514
25786
79072
68995
10328
60060
81405
68731
13420
45704
5310
16069
18560
8051
95514
70284
21809
71902
40696
77645
31108
27026
4839
23783
699
260
80790
77932
11093
35053
36391
9469
41681
88
97297
81953
94004
65008
53703
13863
30811
9303
66972
1815
1335
94030
8973
7455
8123
55880
88545
43797
37008
11591
22629
82099
81493
975
35075
97744
25868
21586
81608
47953
59001
35973
94567
24591
28574
82903
2565
19762
93478
1446
83304
228
63969
35444
74946
40987
12094
74984
9058
13843
67023
46279
26745
53709
88560
84853
34980
1177
21069
44006
50824
61359
65427
17794
19135
49278
95821
97961
65192
2762
18772
80690
80455
26433
87302
67234
44413
89078
25359
28112
53234
12920
92380
1663
16159
83559
46367
94378
63191
30871
75148
56007
98790
71879
93348
73131
75453
3198
59684
29338
8278
82689
47043
11461
47219
88167
21369
48486
58124
55043
97114
840
37336
56378
17590
8978
59773
33747
40148
98108
2443
12107
47753
43298
43872
45361
12198
84718
65955
65687
16704
4432
99445
86747
54164
92188
58473
89931
65969
32614
72513
77329
89841
58204
47215
98798
94788
23243
9663
56701
31210
39093
1727
1067
7105
350
37272
31336
61009
50620
42769
22518
29620
31798
60372
62108
47663
74352
47592
60274
21352
42231
81454
90894
12018
5568
12753
83229
42321
58541
65185
38162
82211
15125
98820
45571
23472
82326
89032
56144
7451
79564
86860
94778
57067
15237
47996
51721
27055
83639
91708
47341
97540
73895
79731
2775
93480
8017
83776
140
94361
46138
71281
91080
57773
32836
77617
90147
14398
25608
1605
69950
64108
8029
20604
59988
58037
59438
13175
22258
39162
80429
60233
93235
63998
47655
8790
61806
96865
35437
28755
36095
82257
84324
72528
77982
96827
62962
16689
76496
21622
91250
80268
98204
19434
96229
72276
11868
78179
29936
73298
71375
76656
4884
34255
50663
76328
13173
90897
13220
4263
52034
75912
69545
56671
6423
53462
13265
33422
96093
14590
14840
1451
1912
43104
50426
34651
73916
26192
89875
83005
73586
73889
33436
43751
71121
59667
14530
94033
50703
64288
33025
33338
3415
29799
76066
82237
91788
87992
97405
2448
4884
70140
6562
45677
66228
69338
82246
25939
37612
2445
28975
8678
61277
30451
72375
75849
95104
23771
81841
60625
47393
1285
64278
58409
3967
83928
91188
58211
86161
81561
35015
7748
96878
31874
23458
23023
55873
36656
22439
96783
58873
45806
28630
53288
8579
3288
48224
457
58963
63529
18170
90435
41135
46360
75487
45992
17835
54121
82314
24390
14268
46421
94296
75896
33532
61810
60189
62926
55149
55376
68298
48560
16314
31497
23714
94352
95448
69304
53920
45084
6442
18178
34820
19498
90546
78843
74558
97850
31696
19208
51252
29530
89491
80628
77329
90839
50107
99824
83077
57747
49444
35941
58396
70662
61256
44679
39634
69969
25205
28576
42445
97208
27097
4665
125
50837
10183
23774
89961
47857
14141
51806
25292
97365
42708
25324
8614
12344
47061
95591
15599
58397
6192
7944
15929
91339
7404
42994
24189
24583
87245
89375
46487
80345
24753
78847
50122
48257
7081
69531
56573
77961
94640
3367
33596
82029
52632
42896
19740
32128
75342
7638
92081
51303
6389
80266
27344
2773
77761
79140
67626
32076
69508
70522
38930
92814
52548
85782
34679
3292
82591
73839
75704
54681
54609
69091
66716
30707
86599
56334
14195
54321
70538
72470
70814
9943
68667
35293
35661
18819
62444
97822
39373
17976
57180
15937
23942
95317
29163
42631
68853
89557
8015
93962
64277
47564
9599
41485
81837
91858
93038
92684
38585
8705
2833
95067
48613
96746
31065
34587
63245
72044
85831
62367
92636
7041
83011
88369
38079
6292
56463
36991
11171
3223
40713
27228
11910
13173
42508
92717
42461
84688
24536
99603
32032
74902
61066
66249
841
5492
19545
80081
61103
8756
78224
66669
51120
9376
69865
22153
50375
18446
68012
74172
84661
124
64335
27045
37686
43259
32839
96173
46939
49288
45370
1672
54408
73089
75464
78602
90691
10858
24352
76263
55902
35725
33167
31984
23399
6918
46015
75186
29964
99065
29927
81120
11987
92405
68412
64551
91098
82078
50507
18903
37542
83706
31340
96227
65413
28859
72515
6279
14723
94341
2167
8798
60097
74327
99736
34809
14538
51433
93608
969
68716
21062
10496
92364
14972
29084
24914
45438
99483
68266
37146
83676
38076
5440
50635
14775
67914
2318
12498
62629
7372
28673
19201
30280
15871
55480
91201
95585
89141
34316
3636
15267
91838
89245
49957
54068
93687
31191
47107
60374
78128
29150
5761
17490
41201
47109
33992
20247
58131
53677
72573
20235
20609
57184
24567
98083
5529
67564
22113
15147
80047
57445
57893
47129
39723
15789
61374
9967
92770
42162
55583
75489
59403
73540
18478
65032
24852
57310
86366
77025
15965
90572
35399
55909
11152
54924
90017
89190
73783
74339
86889
48721
28243
17396
67084
72443
72616
88802
83063
3619
24858
11707
84700
91688
22467
76089
81241
70227
44625
82722
86055
54113
22578
47334
40014
90806
98560
83391
99781
35610
98648
42178
64163
250
70515
65648
6274
81108
32973
36270
28987
2972
10225
57191
23687
72517
42503
79518
69200
43102
9564
17975
24924
21366
65796
24713
75153
92194
60704
48289
95684
25295
17075
27103
36462
45588
93392
7676
10954
86676
61749
76088
35672
23896
51867
6707
6794
89575
24848
92034
78164
81696
19121
68588
13024
81755
88620
31761
37825
71794
58625
21575
64724
43471
44947
78102
95028
29049
30755
75623
16829
75239
10537
2184
77784
47891
68093
67436
79316
68618
49759
23647
29172
31160
34226
83992
536
92958
88649
40911
98960
93057
25126
58472
67025
22988
2829
83014
85472
28824
86521
32829
46542
30471
23444
10352
34682
55362
7912
84423
22666
3365
12530
60
29232
3267
4661
82995
80816
67376
77670
20580
78479
54674
66620
19505
86784
45381
57406
1864
88191
53927
55140
12456
97151
53104
44493
70831
15527
98561
14319
43431
85923
18732
92232
41857
18417
26109
47626
33718
75709
69575
33202
69206
8740
31820
26624
73153
61743
49446
43460
26862
99337
52471
4010
60022
80697
87542
33124
24238
89707
92982
42464
3417
9023
82991
28617
69654
46563
96682
73324
7211
28232
49140
2555
52894
87785
77879
23826
16723
90820
94218
73587
96506
87794
75102
21843
99234
62907
7811
74626
93092
14546
16172
18791
90789
27897
67459
35615
72569
9468
3594
53573
47112
1766
30001
21020
66513
3973
12235
85144
43425
62247
79242
73486
34988
76206
5322
3869
82838
84213
21519
43328
27633
25540
62631
29476
75321
13637
63863
80241
97270
77025
77655
81142
65628
75553
903
78502
88029
51945
79754
36724
48373
4363
21191
59665
73074
95251
10467
81222
8541
95962
24310
12974
89909
39240
84206
74761
11622
57092
30019
34237
22102
90203
61537
55134
92952
60869
24866
29673
85010
85960
30661
3174
21817
31403
35497
62362
90414
42021
3740
12183
14207
91662
19386
59779
69350
60735
33587
20021
48819
79540
17538
14113
1771
49133
24947
51739
33466
55959
17566
12382
9558
53974
52297
49159
73001
91482
64788
53638
36297
216
61240
49563
59233
55965
28147
643
68746
6306
64451
80191
57089
81921
90063
911
24280
36319
56968
11651
37310
91760
13548
39647
84592
16927
94005
65477
73409
306
20478
51540
54583
68380
98431
25959
33844
99353
60693
78465
22288
1016
96805
58764
42542
59118
79094
30366
62479
6602
20476
23206
19256
82007
50623
91988
24868
12990
79839
90183
69911
97742
36420
92429
68973
92393
72707
2630
20973
69801
7087
80070
73304
28588
456
25582
69131
67148
42251
47192
87048
74511
79057
73079
63856
82226
53694
77872
7655
33199
69845
39090
60713
40699
76359
57117
91084
96124
90684
30336
26102
41589
58510
19783
7749
72223
97041
40913
42857
79648
31115
94876
42286
69521
10306
265
41990
38237
51296
45310
36508
72704
58912
40027
42240
12436
79908
53458
16746
82492
48403
83148
54812
59201
62017
68514
10992
32920
18285
68479
53644
85108
32211
29532
96596
68046
6486
40134
3647
63332
60521
29447
71404
78242
53271
8074
85161
6334
34554
95602
1893
88405
79285
85960
95383
24005
28204
41043
93846
34194
23309
55516
9793
26754
9407
5387
41814
10741
38467
99981
56275
95067
91052
78523
93735
61746
21389
72577
7712
54845
20235
72160
10150
44771
97146
51956
25416
49659
38991
86375
20260
38453
34557
53761
84301
80248
25106
8814
52153
75494
55409
24484
66678
29590
42653
54725
40295
71171
76953
84306
79840
83554
43337
44538
42813
56964
1412
50894
44457
51178
52261
95002
36384
59363
65327
82169
35623
65443
48339
29557
9293
69797
16294
40272
69129
69423
66175
40476
57182
25558
13552
68919
67500
55834
92823
7053
2834
6510
93051
48750
77440
97058
54350
1058
59390
20635
797
6068
